"Example 3.3.1 with adjusted final payment"

Compound Period:		Monthly

Nominal Annual Rate:		8.000 %

CASH FLOW DATA

 	Event	Date	Amount	Number	Period	End Date
1	Loan	05/08/2007	"250,000.00"	1
2	Payment	06/08/2007	"2,389.13"	179	Monthly	04/08/2022
3	Payment	05/08/2022	"2,389.24"	1

AMORTIZATION SCHEDULE - Normal Amortization

#	Date	Payment	Interest	Principal	Balance
Loan	05/08/2007				"250,000.00"
1	06/08/2007	"2,389.13"	"1,666.67"	"722.46"	"249,277.54"
2	07/08/2007	"2,389.13"	"1,661.85"	"727.28"	"248,550.26"
3	08/08/2007	"2,389.13"	"1,657.00"	"732.13"	"247,818.13"
4	09/08/2007	"2,389.13"	"1,652.12"	"737.01"	"247,081.12"
5	10/08/2007	"2,389.13"	"1,647.21"	"741.92"	"246,339.20"
6	11/08/2007	"2,389.13"	"1,642.26"	"746.87"	"245,592.33"
7	12/08/2007	"2,389.13"	"1,637.28"	"751.85"	"244,840.48"
2007 Totals		"16,723.91"	"11,564.39"	"5,159.52"

8	01/08/2008	"2,389.13"	"1,632.27"	"756.86"	"244,083.62"
9	02/08/2008	"2,389.13"	"1,627.22"	"761.91"	"243,321.71"
10	03/08/2008	"2,389.13"	"1,622.14"	"766.99"	"242,554.72"
11	04/08/2008	"2,389.13"	"1,617.03"	"772.10"	"241,782.62"
12	05/08/2008	"2,389.13"	"1,611.88"	"777.25"	"241,005.37"
13	06/08/2008	"2,389.13"	"1,606.70"	"782.43"	"240,222.94"
14	07/08/2008	"2,389.13"	"1,601.49"	"787.64"	"239,435.30"
15	08/08/2008	"2,389.13"	"1,596.24"	"792.89"	"238,642.41"
16	09/08/2008	"2,389.13"	"1,590.95"	"798.18"	"237,844.23"
17	10/08/2008	"2,389.13"	"1,585.63"	"803.50"	"237,040.73"
18	11/08/2008	"2,389.13"	"1,580.27"	"808.86"	"236,231.87"
19	12/08/2008	"2,389.13"	"1,574.88"	"814.25"	"235,417.62"
2008 Totals		"28,669.56"	"19,246.70"	"9,422.86"

20	01/08/2009	"2,389.13"	"1,569.45"	"819.68"	"234,597.94"
21	02/08/2009	"2,389.13"	"1,563.99"	"825.14"	"233,772.80"
22	03/08/2009	"2,389.13"	"1,558.49"	"830.64"	"232,942.16"
23	04/08/2009	"2,389.13"	"1,552.95"	"836.18"	"232,105.98"
24	05/08/2009	"2,389.13"	"1,547.37"	"841.76"	"231,264.22"
25	06/08/2009	"2,389.13"	"1,541.76"	"847.37"	"230,416.85"
26	07/08/2009	"2,389.13"	"1,536.11"	"853.02"	"229,563.83"
27	08/08/2009	"2,389.13"	"1,530.43"	"858.70"	"228,705.13"
28	09/08/2009	"2,389.13"	"1,524.70"	"864.43"	"227,840.70"
29	10/08/2009	"2,389.13"	"1,518.94"	"870.19"	"226,970.51"
30	11/08/2009	"2,389.13"	"1,513.14"	"875.99"	"226,094.52"
31	12/08/2009	"2,389.13"	"1,507.30"	"881.83"	"225,212.69"
2009 Totals		"28,669.56"	"18,464.63"	"10,204.93"

32	01/08/2010	"2,389.13"	"1,501.42"	"887.71"	"224,324.98"
33	02/08/2010	"2,389.13"	"1,495.50"	"893.63"	"223,431.35"
34	03/08/2010	"2,389.13"	"1,489.54"	"899.59"	"222,531.76"
35	04/08/2010	"2,389.13"	"1,483.55"	"905.58"	"221,626.18"
36	05/08/2010	"2,389.13"	"1,477.51"	"911.62"	"220,714.56"
37	06/08/2010	"2,389.13"	"1,471.43"	"917.70"	"219,796.86"
38	07/08/2010	"2,389.13"	"1,465.31"	"923.82"	"218,873.04"
39	08/08/2010	"2,389.13"	"1,459.15"	"929.98"	"217,943.06"
40	09/08/2010	"2,389.13"	"1,452.95"	"936.18"	"217,006.88"
41	10/08/2010	"2,389.13"	"1,446.71"	"942.42"	"216,064.46"
42	11/08/2010	"2,389.13"	"1,440.43"	"948.70"	"215,115.76"
43	12/08/2010	"2,389.13"	"1,434.11"	"955.02"	"214,160.74"
2010 Totals		"28,669.56"	"17,617.61"	"11,051.95"

44	01/08/2011	"2,389.13"	"1,427.74"	"961.39"	"213,199.35"
45	02/08/2011	"2,389.13"	"1,421.33"	"967.80"	"212,231.55"
46	03/08/2011	"2,389.13"	"1,414.88"	"974.25"	"211,257.30"
47	04/08/2011	"2,389.13"	"1,408.38"	"980.75"	"210,276.55"
48	05/08/2011	"2,389.13"	"1,401.84"	"987.29"	"209,289.26"
49	06/08/2011	"2,389.13"	"1,395.26"	"993.87"	"208,295.39"
50	07/08/2011	"2,389.13"	"1,388.64"	"1,000.49"	"207,294.90"
51	08/08/2011	"2,389.13"	"1,381.97"	"1,007.16"	"206,287.74"
52	09/08/2011	"2,389.13"	"1,375.25"	"1,013.88"	"205,273.86"
53	10/08/2011	"2,389.13"	"1,368.49"	"1,020.64"	"204,253.22"
54	11/08/2011	"2,389.13"	"1,361.69"	"1,027.44"	"203,225.78"
55	12/08/2011	"2,389.13"	"1,354.84"	"1,034.29"	"202,191.49"
2011 Totals		"28,669.56"	"16,700.31"	"11,969.25"

56	01/08/2012	"2,389.13"	"1,347.94"	"1,041.19"	"201,150.30"
57	02/08/2012	"2,389.13"	"1,341.00"	"1,048.13"	"200,102.17"
58	03/08/2012	"2,389.13"	"1,334.01"	"1,055.12"	"199,047.05"
59	04/08/2012	"2,389.13"	"1,326.98"	"1,062.15"	"197,984.90"
60	05/08/2012	"2,389.13"	"1,319.90"	"1,069.23"	"196,915.67"
61	06/08/2012	"2,389.13"	"1,312.77"	"1,076.36"	"195,839.31"
62	07/08/2012	"2,389.13"	"1,305.60"	"1,083.53"	"194,755.78"
63	08/08/2012	"2,389.13"	"1,298.37"	"1,090.76"	"193,665.02"
64	09/08/2012	"2,389.13"	"1,291.10"	"1,098.03"	"192,566.99"
65	10/08/2012	"2,389.13"	"1,283.78"	"1,105.35"	"191,461.64"
66	11/08/2012	"2,389.13"	"1,276.41"	"1,112.72"	"190,348.92"
67	12/08/2012	"2,389.13"	"1,268.99"	"1,120.14"	"189,228.78"
2012 Totals		"28,669.56"	"15,706.85"	"12,962.71"

68	01/08/2013	"2,389.13"	"1,261.53"	"1,127.60"	"188,101.18"
69	02/08/2013	"2,389.13"	"1,254.01"	"1,135.12"	"186,966.06"
70	03/08/2013	"2,389.13"	"1,246.44"	"1,142.69"	"185,823.37"
71	04/08/2013	"2,389.13"	"1,238.82"	"1,150.31"	"184,673.06"
72	05/08/2013	"2,389.13"	"1,231.15"	"1,157.98"	"183,515.08"
73	06/08/2013	"2,389.13"	"1,223.43"	"1,165.70"	"182,349.38"
74	07/08/2013	"2,389.13"	"1,215.66"	"1,173.47"	"181,175.91"
75	08/08/2013	"2,389.13"	"1,207.84"	"1,181.29"	"179,994.62"
76	09/08/2013	"2,389.13"	"1,199.96"	"1,189.17"	"178,805.45"
77	10/08/2013	"2,389.13"	"1,192.04"	"1,197.09"	"177,608.36"
78	11/08/2013	"2,389.13"	"1,184.06"	"1,205.07"	"176,403.29"
79	12/08/2013	"2,389.13"	"1,176.02"	"1,213.11"	"175,190.18"
2013 Totals		"28,669.56"	"14,630.96"	"14,038.60"

80	01/08/2014	"2,389.13"	"1,167.93"	"1,221.20"	"173,968.98"
81	02/08/2014	"2,389.13"	"1,159.79"	"1,229.34"	"172,739.64"
82	03/08/2014	"2,389.13"	"1,151.60"	"1,237.53"	"171,502.11"
83	04/08/2014	"2,389.13"	"1,143.35"	"1,245.78"	"170,256.33"
84	05/08/2014	"2,389.13"	"1,135.04"	"1,254.09"	"169,002.24"
85	06/08/2014	"2,389.13"	"1,126.68"	"1,262.45"	"167,739.79"
86	07/08/2014	"2,389.13"	"1,118.27"	"1,270.86"	"166,468.93"
87	08/08/2014	"2,389.13"	"1,109.79"	"1,279.34"	"165,189.59"
88	09/08/2014	"2,389.13"	"1,101.26"	"1,287.87"	"163,901.72"
89	10/08/2014	"2,389.13"	"1,092.68"	"1,296.45"	"162,605.27"
90	11/08/2014	"2,389.13"	"1,084.04"	"1,305.09"	"161,300.18"
91	12/08/2014	"2,389.13"	"1,075.33"	"1,313.80"	"159,986.38"
2014 Totals		"28,669.56"	"13,465.76"	"15,203.80"

92	01/08/2015	"2,389.13"	"1,066.58"	"1,322.55"	"158,663.83"
93	02/08/2015	"2,389.13"	"1,057.76"	"1,331.37"	"157,332.46"
94	03/08/2015	"2,389.13"	"1,048.88"	"1,340.25"	"155,992.21"
95	04/08/2015	"2,389.13"	"1,039.95"	"1,349.18"	"154,643.03"
96	05/08/2015	"2,389.13"	"1,030.95"	"1,358.18"	"153,284.85"
97	06/08/2015	"2,389.13"	"1,021.90"	"1,367.23"	"151,917.62"
98	07/08/2015	"2,389.13"	"1,012.78"	"1,376.35"	"150,541.27"
99	08/08/2015	"2,389.13"	"1,003.61"	"1,385.52"	"149,155.75"
100	09/08/2015	"2,389.13"	"994.37"	"1,394.76"	"147,760.99"
101	10/08/2015	"2,389.13"	"985.07"	"1,404.06"	"146,356.93"
102	11/08/2015	"2,389.13"	"975.71"	"1,413.42"	"144,943.51"
103	12/08/2015	"2,389.13"	"966.29"	"1,422.84"	"143,520.67"
2015 Totals		"28,669.56"	"12,203.85"	"16,465.71"

104	01/08/2016	"2,389.13"	"956.80"	"1,432.33"	"142,088.34"
105	02/08/2016	"2,389.13"	"947.26"	"1,441.87"	"140,646.47"
106	03/08/2016	"2,389.13"	"937.64"	"1,451.49"	"139,194.98"
107	04/08/2016	"2,389.13"	"927.97"	"1,461.16"	"137,733.82"
108	05/08/2016	"2,389.13"	"918.23"	"1,470.90"	"136,262.92"
109	06/08/2016	"2,389.13"	"908.42"	"1,480.71"	"134,782.21"
110	07/08/2016	"2,389.13"	"898.55"	"1,490.58"	"133,291.63"
111	08/08/2016	"2,389.13"	"888.61"	"1,500.52"	"131,791.11"
112	09/08/2016	"2,389.13"	"878.61"	"1,510.52"	"130,280.59"
113	10/08/2016	"2,389.13"	"868.54"	"1,520.59"	"128,760.00"
114	11/08/2016	"2,389.13"	"858.40"	"1,530.73"	"127,229.27"
115	12/08/2016	"2,389.13"	"848.20"	"1,540.93"	"125,688.34"
2016 Totals		"28,669.56"	"10,837.23"	"17,832.33"

116	01/08/2017	"2,389.13"	"837.92"	"1,551.21"	"124,137.13"
117	02/08/2017	"2,389.13"	"827.58"	"1,561.55"	"122,575.58"
118	03/08/2017	"2,389.13"	"817.17"	"1,571.96"	"121,003.62"
119	04/08/2017	"2,389.13"	"806.69"	"1,582.44"	"119,421.18"
120	05/08/2017	"2,389.13"	"796.14"	"1,592.99"	"117,828.19"
121	06/08/2017	"2,389.13"	"785.52"	"1,603.61"	"116,224.58"
122	07/08/2017	"2,389.13"	"774.83"	"1,614.30"	"114,610.28"
123	08/08/2017	"2,389.13"	"764.07"	"1,625.06"	"112,985.22"
124	09/08/2017	"2,389.13"	"753.23"	"1,635.90"	"111,349.32"
125	10/08/2017	"2,389.13"	"742.33"	"1,646.80"	"109,702.52"
126	11/08/2017	"2,389.13"	"731.35"	"1,657.78"	"108,044.74"
127	12/08/2017	"2,389.13"	"720.30"	"1,668.83"	"106,375.91"
2017 Totals		"28,669.56"	"9,357.13"	"19,312.43"

128	01/08/2018	"2,389.13"	"709.17"	"1,679.96"	"104,695.95"
129	02/08/2018	"2,389.13"	"697.97"	"1,691.16"	"103,004.79"
130	03/08/2018	"2,389.13"	"686.70"	"1,702.43"	"101,302.36"
131	04/08/2018	"2,389.13"	"675.35"	"1,713.78"	"99,588.58"
132	05/08/2018	"2,389.13"	"663.92"	"1,725.21"	"97,863.37"
133	06/08/2018	"2,389.13"	"652.42"	"1,736.71"	"96,126.66"
134	07/08/2018	"2,389.13"	"640.84"	"1,748.29"	"94,378.37"
135	08/08/2018	"2,389.13"	"629.19"	"1,759.94"	"92,618.43"
136	09/08/2018	"2,389.13"	"617.46"	"1,771.67"	"90,846.76"
137	10/08/2018	"2,389.13"	"605.65"	"1,783.48"	"89,063.28"
138	11/08/2018	"2,389.13"	"593.76"	"1,795.37"	"87,267.91"
139	12/08/2018	"2,389.13"	"581.79"	"1,807.34"	"85,460.57"
2018 Totals		"28,669.56"	"7,754.22"	"20,915.34"

140	01/08/2019	"2,389.13"	"569.74"	"1,819.39"	"83,641.18"
141	02/08/2019	"2,389.13"	"557.61"	"1,831.52"	"81,809.66"
142	03/08/2019	"2,389.13"	"545.40"	"1,843.73"	"79,965.93"
143	04/08/2019	"2,389.13"	"533.11"	"1,856.02"	"78,109.91"
144	05/08/2019	"2,389.13"	"520.73"	"1,868.40"	"76,241.51"
145	06/08/2019	"2,389.13"	"508.28"	"1,880.85"	"74,360.66"
146	07/08/2019	"2,389.13"	"495.74"	"1,893.39"	"72,467.27"
147	08/08/2019	"2,389.13"	"483.12"	"1,906.01"	"70,561.26"
148	09/08/2019	"2,389.13"	"470.41"	"1,918.72"	"68,642.54"
149	10/08/2019	"2,389.13"	"457.62"	"1,931.51"	"66,711.03"
150	11/08/2019	"2,389.13"	"444.74"	"1,944.39"	"64,766.64"
151	12/08/2019	"2,389.13"	"431.78"	"1,957.35"	"62,809.29"
2019 Totals		"28,669.56"	"6,018.28"	"22,651.28"

152	01/08/2020	"2,389.13"	"418.73"	"1,970.40"	"60,838.89"
153	02/08/2020	"2,389.13"	"405.59"	"1,983.54"	"58,855.35"
154	03/08/2020	"2,389.13"	"392.37"	"1,996.76"	"56,858.59"
155	04/08/2020	"2,389.13"	"379.06"	"2,010.07"	"54,848.52"
156	05/08/2020	"2,389.13"	"365.66"	"2,023.47"	"52,825.05"
157	06/08/2020	"2,389.13"	"352.17"	"2,036.96"	"50,788.09"
158	07/08/2020	"2,389.13"	"338.59"	"2,050.54"	"48,737.55"
159	08/08/2020	"2,389.13"	"324.92"	"2,064.21"	"46,673.34"
160	09/08/2020	"2,389.13"	"311.16"	"2,077.97"	"44,595.37"
161	10/08/2020	"2,389.13"	"297.30"	"2,091.83"	"42,503.54"
162	11/08/2020	"2,389.13"	"283.36"	"2,105.77"	"40,397.77"
163	12/08/2020	"2,389.13"	"269.32"	"2,119.81"	"38,277.96"
2020 Totals		"28,669.56"	"4,138.23"	"24,531.33"

164	01/08/2021	"2,389.13"	"255.19"	"2,133.94"	"36,144.02"
165	02/08/2021	"2,389.13"	"240.96"	"2,148.17"	"33,995.85"
166	03/08/2021	"2,389.13"	"226.64"	"2,162.49"	"31,833.36"
167	04/08/2021	"2,389.13"	"212.22"	"2,176.91"	"29,656.45"
168	05/08/2021	"2,389.13"	"197.71"	"2,191.42"	"27,465.03"
169	06/08/2021	"2,389.13"	"183.10"	"2,206.03"	"25,259.00"
170	07/08/2021	"2,389.13"	"168.39"	"2,220.74"	"23,038.26"
171	08/08/2021	"2,389.13"	"153.59"	"2,235.54"	"20,802.72"
172	09/08/2021	"2,389.13"	"138.68"	"2,250.45"	"18,552.27"
173	10/08/2021	"2,389.13"	"123.68"	"2,265.45"	"16,286.82"
174	11/08/2021	"2,389.13"	"108.58"	"2,280.55"	"14,006.27"
175	12/08/2021	"2,389.13"	"93.38"	"2,295.75"	"11,710.52"
2021 Totals		"28,669.56"	"2,102.12"	"26,567.44"

176	01/08/2022	"2,389.13"	"78.07"	"2,311.06"	"9,399.46"
177	02/08/2022	"2,389.13"	"62.66"	"2,326.47"	"7,072.99"
178	03/08/2022	"2,389.13"	"47.15"	"2,341.98"	"4,731.01"
179	04/08/2022	"2,389.13"	"31.54"	"2,357.59"	"2,373.42"
180	05/08/2022	"2,389.24"	"15.82"	"2,373.42"	"0.00"
2022 Totals		"11,945.76"	"235.24"	"11,710.52"


Grand Totals		"430,043.51"	"180,043.51"	"250,000.00"


 